551, 696, 765, 702, 1024, 706, 1086, 695, 1140, 694, 1472, 729
 560, 698, 758, 707, 1022, 700, 1148, 693, 1479, 698
 557, 701, 819, 709, 1022, 696, 1089, 691, 1153, 698, 1476, 694
 559, 697, 621, 700, 819, 703, 1024, 693, 1090, 691, 1151, 703, 1479, 691
 556, 695, 624, 696, 822, 698, 1018, 692, 1093, 692, 1476, 690
 555, 694, 623, 694, 691, 704, 819, 695, 1017, 692, 1076, 695, 1478, 690
 490, 712, 558, 694, 627, 693, 692, 699, 822, 693, 1011, 693, 1090, 697, 1478, 691
 485, 706, 561, 695, 623, 694, 687, 696, 816, 693, 1013, 695, 1086, 702, 1205, 729, 1343, 703, 1492, 692
 484, 701, 564, 696, 621, 695, 682, 694, 823, 693, 1019, 697, 1213, 698, 1344, 697, 1481, 694
 485, 697, 560, 700, 626, 697, 691, 693, 816, 695, 1024, 701, 1214, 694, 1350, 693, 1480, 699
 487, 695, 560, 705, 627, 701, 684, 694, 823, 698, 1024, 707, 1082, 699, 1216, 692, 1480, 705
 490, 694, 562, 711, 628, 706, 692, 695, 752, 707, 819, 702, 1023, 715, 1083, 695, 1219, 691, 1354, 690, 1482, 712
 481, 695, 549, 717, 627, 713, 688, 698, 753, 701, 824, 707, 1083, 693, 1214, 692
 483, 696, 557, 709, 690, 702, 753, 697, 825, 714, 1081, 692, 1207, 694
 484, 699, 556, 703, 693, 707, 755, 694, 1082, 691, 1216, 696, 1347, 695, 1546, 699
 488, 702, 550, 699, 699, 713, 751, 693, 1087, 693, 1148, 709, 1220, 698, 1350, 697, 1538, 695
 490, 707, 560, 695, 758, 692, 1084, 694, 1150, 702, 1217, 703, 1350, 702, 1543, 691
 493, 714, 556, 694, 757, 693, 940, 731, 1085, 698, 1150, 697, 1217, 710, 1348, 709, 1547, 689
 556, 694, 756, 695, 953, 703, 1090, 702, 1150, 694, 1326, 717, 1546, 689
 559, 695, 752, 699, 951, 698, 1085, 709, 1150, 692
 564, 696, 617, 706, 757, 703, 952, 694, 1154, 691, 1398, 730, 1549, 692
 558, 699, 618, 701, 758, 709, 952, 692, 1151, 692, 1411, 698, 1549, 694
 557, 703, 616, 697, 955, 691, 1141, 694, 1211, 706, 1411, 694, 1545, 697
 614, 694, 944, 692, 1147, 696, 1413, 691, 1549, 702
 559, 716, 626, 693, 952, 693, 1148, 699, 1204, 696, 1409, 690, 1547, 709
 629, 693, 948, 695, 1145, 701, 1204, 693, 1407, 690, 1545, 718
 625, 694, 953, 698, 1012, 733, 1147, 696, 1204, 691, 1419, 691, 1480, 705
 624, 696, 689, 707, 818, 712, 957, 703, 1022, 701, 1147, 693, 1205, 691, 1405, 694, 1479, 699
 626, 699, 684, 702, 822, 705, 880, 710, 953, 710, 1017, 697, 1150, 691, 1207, 692, 1410, 696, 1479, 694
 625, 704, 688, 697, 816, 700, 881, 703, 1021, 693, 1150, 691, 1207, 694, 1412, 700, 1477, 691